1	7
2	10
3	12
4	17
5	21
6	29
7	34
8	52
9	79
10	107
11	148
12	197
13	233
14	366
15	463
16	631
17	827
18	1016
19	1266
20	1441
21	1809
22	2158
23	2503
24	2978
25	3405
26	4032 	
27	4825
28	5476
29	6077
30	6820
31	7503
32	8215
33	9134 	
34	10023
35	10779
36	11591
37	12428
38	13155
39	13915
40	14681
41	15362
42	15887
43	16523
44	17127
45	17669
46	18279
47	18849
48	19468
49	19899
50	20465
51	21067
52	21645
53	22170
54	22745
55	23227
56	23660
57	24114
58	24648
59	25085
60	25549
61	25969
62	26384
63	26644
64	26977
65	27359
66	27682
67	27967
68	28236	
69	28710
70	28884
71	29079
72	29315
73	29684
74	29958
75	30201
76	30395
77	30560
78      30739
79 	30911
80	31106
81	31368
82	31610
83	31763 
84	31908
85	32007
86	32169
87	32330
88	32486
89	32616
90	32735
91	32785
92	32877	
93	32955
94	33072	
95	33142
96	33229
97	33340
98	33415
99	33475 
100	33530
101	33601
102	33689
103	33774
